174430,
180263,
55690,
192135,
182028,
161936,
162886,
187645,
170771,
175640,
179803,
131111,
115746,
167791,
130960,
12333,
205637,
187617,
200680,
184424,
209010,
169786,
158889,
193738,
120677,
161533,
188920,
175914,
205059,
212445,
29603,
177736,
185343,
159675,
195421,
204305,
164153,
123955,
173346,
183394,
102794,
198928,
96848,
170216,
183562,
155873,
132028,
84876,
163154,
17405,
191189,
150997,
21133,
41066,
145371,
123123,
164928,
28181,
3076,
144189,
198953,
197405,
25613,
139976,
25021,
165838,
146791,
31260,
205359,
125752,
125153,
175155,
165872,
22143,
173442,
196340,
124361,
127518,
91,
193037,
201808,
28720,
224037,
72125,
146508,
121921,
102435,
160010,
20542,
172386,
18098,
62222,
182631,
144568,
171623,
135219,
124742,
182340,
163745,
151347,
155068,
11825,
40354,
40209,
176734,
243,
21551,
173064,
165401,
194655,
65564,
126163,
189932,
17392,
182134,
2651,
192836,
123609,
146021,
35677,
12493,
122515,
152765,
67254,
146439,
21050,
154825,
176189,
15126,
26997,
192458,
203420,
15985,
169255,
205317,
195162,
178900,
103885,
38718,
62219,
36400,
89409,
18602,
146652,
68264,
82222,
586,
180771,
13122,
2511,
203993,
170042,
163068,
132531,
155821,
234,
68448,
149951,
153016,
171726,
197070,
150376,
144733,
128996,
157354,
154809,
421,
102680,
9609,
198994,
171131,
163412,
521,
195539,
93,
111799,
110327,
9823,
42673,
14105,
193949,
101721,
104162,
146886,
19777,
40834,
36553,
37836,
144797,
38823,
127023,
178944,
182874,
132018,
28143,
156546,
70149,
109276,
37111,
73171,
73439,
111341,
69779,
191051,
161970,
875,
1822,
174785,
172287,
161866,
126042,
177802,
156689,
128621,
128721,
157917,
54138,
11057,
195137,
113873,
103343,
179460,
42,
155426,
128780,
205398,
126100,
4098,
128882,
198487,
17133,
149776,
59294,
160610,
40765,
36218,
833,
7854,
181279,
31999,
38996,
43111,
122240,
109125,
192291,
160495,
172081,
165722,
83734,
27833,
188,
151022,
2081,
77,
30549,
206941,
730,
172047,
19622,
31627,
155255,
157026,
174570,
139898,
1,
95527,
144592,
82420,
18748,
172818,
206718,
147020,
77423,
9216,
43015,
31759,
177590,
129437,
148949,
88827,
166669,
24181,
123260,
119506,
27976,
176920,
34635,
53093,
160477,
161614,
187377,
197572,
169426,
181530,
126008,
199042,
121,
22877,
96007,
156943,
169416,
207830,
118048,
188834,
93260,
39463,
215,
177478,
171662,
82421,
199561,
127060,
157001,
36932,
199478,
139771,
201921,
84419,
62227,
14996,
66589,
179172,
39217,
555,
158600,
22545,
70519,
27708,
193042,
2251,
181521,
712,
79127,
97207,
140620,
162286,
12166,
144344,
20551,
137649,
12891,
91080,
167400,
154203,
3685,
129459,
24800,
104006,
138649,
158435,
54625,
192153,
124827,
156129,
109291,
1513,
192457,
939,
177678,
220520,
105134,
54043,
182694,
137988,
54998,
36235,
144864,
124969,
10630,
254,
37141,
198773,
6205,
166857,
156858,
195503,
191597,
166571,
42052,
61692,
131014,
148228,
207691,
84,
3307,
71,
38453,
170416,
172220,
92828,
138431,
176494,
206803,
168998,
209685,
170561,
9625,
180511,
41749,
26457,
18833,
140603,
1499,
137408,
77130,
25729,
159473,
19857,
423,
181304,
152470,
42776,
116998,
48726,
30618,
119890,
81640,
128671,
143693,
59959,
136888,
204583,
117915,
63628,
217372,
203416,
121288,
9209,
203417,
177639,
1035,
151007,
96913,
12,
154086,
2181,
119432,
31481,
54361,
183571,
108745,
65901,
219513,
124708,
2163,
58421,
38309,
122294,
179275,
176396,
8045,
146221,
142961,
156776,
194594,
1301,
45315,
205418,
180680,
33160,
175223,
25277,
25292,
36399,
168917,
18460,
216092,
21241,
160902,
160018,
463,
55670,
181796,
3,
176544,
79828,
20133,
124968,
38713,
159503,
128271,
822,
202670,
2346,
46213,
424,
20,
47055,
8730,
78733,
151004,
172503,
55829,
193558,
160081,
11170,
760,
105551,
163967,
65781,
197443,
94104,
129731,
21348,
41114,
31594,
1634,
138161,
108906,
156091,
150658,
216201,
23679,
94246,
209778,
154458,
15839,
131287,
25417,
195571,
155624,
162007,
25554,
204836,
85897,
164265,
31563,
39683,
41627,
150293,
187653,
185589,
90137,
5620,
55600,
1608,
70512,
158275,
124965,
162082,
37046,
142852,
148601,
65532,
83330,
72321,
164338,
159508,
141572,
67492,
140934,
98229,
200077,
19854,
169794,
17484,
39351,
148319,
168584,
90419,
97786,
171879,
5404,
167270,
108784,
134726,
113997,
5,
207207,
205716,
42124,
66362,
9215,
184459,
35052,
123607,
216459,
175307,
178336,
40692,
54,
213893,
122588,
163968,
58936,
39856,
1353,
22827,
17226,
200954,
70919,
143519,
103886,
133848,
147949,
95064,
15987,
2655,
102652,
133038,
126792,
176530,
17393,
58281,
171668,
155987,
20437,
66188,
3202,
7480,
194607,
9217,
91872,
2653,
156714,
475,
123499,
191862,
152242,
143515,
620,
180899,
206940,
50750,
127398,
1662,
35570,
183251,
4616,
4741,
157969,
144041,
24480,
528,
118,
195314,
119788,
55427,
192455,
176165,
181687,
129622,
148575,
372,
26566,
192945,
491,
181524,
202408,
17396,
11949,
39938,
113924,
41002,
200147,
1037,
75165,
187273,
180592,
8217,
6819,
156336,
31291,
70323,
156548,
43528,
193737,
27173,
57660,
30645,
75449,
104020,
2065,
6472,
143405,
163413,
155463,
31552,
2612,
146418,
2529,
34119,
135382,
3072,
172308,
157413,
6830,
155703,
50768,
136063,
100901,
3041,
191300,
47185,
52461,
141517,
172385,
97842,
60435,
43307,
125618,
87890,
22192,
140343,
72225,
122842,
156566,
165986,
23094,
45986,
15363,
146278,
30957,
13,
129948,
63888,
22825,
191977,
43570,
121408,
165948,
34219,
150,
138233,
94,
2808,
131646,
191972,
169318,
166226,
47,
98351,
194879,
142121,
27162,
137423,
31730,
32944,
128445,
36367,
3565,
163370,
99392,
145659,
384,
32674,
180974,
158899,
3353,
141423,
172,
191876,
106217,
240,
149241,
27746,
172996,
15364,
3201,
1915,
156496,
216091,
172931,
110277,
1770,
171669,
191231,
171273,
66356,
12902,
150145,
147253,
40529,
169611,
168788,
98778,
203427,
37919,
66510,
144529,
180040,
91312,
2955,
91873,
104955,
20963,
173101,
1041,
10819,
130176,
13883,
24508,
136000,
134253,
152,
759,
2507,
120523,
205507,
183880,
30869,
42910,
148943,
30380,
1442,
230,
88,
147303,
8481,
112092,
156009,
163602,
157958,
46396,
91984,
16747,
1423,
12962,
205046,
9674,
217085,
183006,
2393,
551,
9440,
143176,
22,
22897,
299,
206051,
57390,
171233,
137269,
169124,
160499,
39927,
15953,
135779,
15062,
12350,
50,
104363,
166384,
46,
143401,
329,
2516,
631,
8125,
4390,
145633,
192074,
42939,
207336,
169654,
24920,
205597,
2961,
133473,
156501,
18,
150999,
83667,
478,
1345,
22484,
10547,
173156,
68425,
13004,
146312,
111124,
38765,
38159,
171499,
224,
73761,
42215,
1887,
113636,
159109,
128898,
22345,
104710,
19600,
71906,
60,
187680,
21790,
172381,
167513,
26990,
174078,
527,
160958,
168435,
43022,
175117,
30658,
204027,
136991,
153938,
131357,
119781,
26,
145645,
13642,
508,
145639,
146816,
168681,
95103,
701,
125046,
157403,
181797,
1430,
511,
554,
92415,
71074,
171,
28023,
113294,
11168,
4099,
125548,
75476,
63543,
142326,
7717,
111105,
286,
2122,
37907,
105037,
175199,
158572,
66,
35497,
1425,
206504,
1044,
21763,
788,
134352,
195544,
71671,
143404,
66056,
175293,
178054,
18745,
169147,
124052,
123540,
1261,
30381,
122298,
139033,
117985,
145588,
117959,
153065,
178134,
904,
126996,
38863,
35350,
483,
170587,
191894,
45748,
66505,
154386,
96152,
11,
3870,
157,
195856,
155362,
40628,
21882,
143175,
134157,
37904,
91514,
58110,
72991,
73,
12002,
39684,
192860,
195528,
69789,
76417,
699,
135243,
142830,
135281